919.98254395 190.63140869
970.66387939 184.84059143
1020.71319580 179.42022705
1071.30957031 172.39764404
1122.61938477 166.98835754
1173.00830078 162.48339844
1223.93127441 158.93560791
1273.03283691 156.40303040
1322.30383301 147.73173523
1372.82238770 145.42633057
1423.13745117 140.24450684
1471.19799805 135.40841675
1520.42858887 128.19927979
1568.49890137 122.32672882
922.44061279 236.24856567
974.59381104 230.60646057
1025.47875977 224.35075378
1076.68029785 220.49720764
1127.99084473 212.42352295
1179.36633301 209.10162354
1230.73352051 203.67567444
1280.27197266 198.17021179
1330.98876953 193.12138367
1382.14965820 189.63690186
1431.68103027 184.33169556
1481.35009766 179.28234863
1530.87744141 174.36405945
1579.60437012 167.20803833
925.01147461 279.28305054
977.48150635 272.70037842
1029.57617188 271.43014526
1081.18029785 266.44723511
1133.08752441 259.37432861
1185.20825195 255.30055237
1236.02111816 249.45040894
1287.30236816 245.09638977
1338.64196777 240.25253296
1390.42761230 236.57453918
1440.42419434 230.70524597
1491.61364746 226.61477661
1540.74218750 219.38815308
1590.45410156 214.47885132
928.90472412 327.08822632
980.92443848 319.87451172
1033.21484375 318.26580811
1085.80810547 313.57550049
1138.39025879 306.40597534
1190.86914062 302.42874146
1242.65844727 296.48937988
1295.51342773 292.29125977
1346.96594238 289.31039429
1398.35473633 281.21130371
1449.13647461 277.42828369
1501.05432129 273.10598755
1551.41320801 268.27386475
1601.78649902 262.48257446
931.89935303 376.40036011
983.18304443 369.48541260
1036.85791016 365.58682251
1089.77136230 359.43743896
1143.53662109 354.49920654
1195.34484863 349.58825684
1249.31835938 345.27816772
1301.31970215 337.67675781
1354.61669922 337.12863159
1406.90966797 333.25912476
1457.19299316 323.33398438
1509.52575684 320.55209351
1560.73828125 313.71362305
1611.11083984 310.08676147
933.52502441 423.26473999
987.59503174 420.43093872
1040.72668457 413.79309082
1094.42419434 409.19671631
1148.72204590 404.63815308
1202.43542480 399.45266724
1255.35375977 395.19876099
1309.60534668 390.40817261
1361.09912109 383.87075806
1413.80688477 378.19586182
1466.43591309 375.36935425
1517.64074707 368.32635498
1570.22839355 362.35516357
1621.14990234 359.10095215
936.40026855 473.56484985
990.70440674 468.79946899
1044.63208008 462.65661621
1100.46789551 458.62478638
1154.07995605 454.29574585
1208.85778809 450.09323120
1261.60632324 444.45220947
1316.45556641 439.70794678
1369.91882324 436.55563354
1423.68139648 430.44573975
1476.39550781 425.03414917
1529.04711914 420.50341797
1579.90771484 414.01519775
1631.71191406 411.27655029
939.27862549 524.88403320
994.34143066 521.63446045
1049.95300293 515.69970703
1104.99645996 512.04302979
1159.75390625 504.56503296
1213.84216309 499.44161987
1269.29638672 496.58010864
1324.24548340 491.98239136
1377.50817871 487.59411621
1431.89758301 481.03652954
1485.60754395 480.20492554
1539.16662598 472.56567383
1590.26037598 467.21182251
1641.33398438 461.40124512
941.23162842 579.95410156
997.34356689 574.31939697
1052.43493652 569.59759521
1107.88159180 563.27752686
1164.91210938 557.58605957
1219.99328613 552.88397217
1275.78845215 548.97552490
1330.59729004 544.37713623
1385.13940430 538.05651855
1439.87976074 532.18695068
1493.62927246 529.21856689
1547.53161621 524.49444580
1600.11682129 518.17437744
1651.77465820 513.76770020
944.44580078 629.71508789
1000.46057129 627.85870361
1056.39147949 621.71215820
1112.98974609 614.83038330
1170.01599121 610.58801270
1226.19567871 608.25354004
1282.84118652 602.56463623
1337.50451660 595.59729004
1392.84082031 593.39520264
1448.07299805 586.77136230
1502.51184082 582.32818604
1556.69653320 575.90557861
1609.96862793 572.49420166
1663.23547363 566.94140625
