1043.48901367 380.62704468
1101.59643555 381.56744385
1157.92980957 382.87127686
1215.30053711 383.24444580
1270.71411133 383.63870239
1328.35644531 384.85543823
1387.38378906 387.32629395
1443.71484375 387.32507324
1496.85437012 387.75662231
1559.52502441 391.66110229
1615.83398438 393.17489624
1674.18310547 395.39950562
1728.89111328 397.80615234
1786.82958984 400.50659180
1044.69323730 438.36587524
1099.97058105 438.67919922
1156.94348145 440.49801636
1214.31945801 439.63293457
1271.66760254 441.66818237
1328.79077148 442.74789429
1385.88977051 443.62133789
1443.66662598 444.73623657
1499.83557129 449.46170044
1558.71142578 449.65252686
1616.84216309 451.78347778
1670.77136230 453.49658203
1729.09582520 456.38870239
1782.77856445 457.68215942
1043.70336914 492.73767090
1102.05712891 494.88427734
1156.63403320 496.36013794
1213.91210938 497.21755981
1269.76989746 498.56677246
1327.48046875 500.63476562
1385.96557617 502.68765259
1440.28149414 504.77682495
1499.69763184 506.75106812
1556.52709961 508.80847168
1613.36962891 510.53689575
1670.08728027 513.80639648
1725.50720215 514.50665283
1781.13781738 516.91650391
1045.73999023 549.49230957
1101.49682617 550.53875732
1156.72473145 552.59265137
1213.58276367 553.90533447
1268.87548828 555.57147217
1326.72119141 557.46826172
1384.07922363 559.49688721
1440.65490723 560.75927734
1496.73645020 561.92291260
1554.52270508 564.80493164
1610.99218750 566.65130615
1668.40942383 569.57366943
1724.95605469 572.45117188
1779.97827148 575.51342773
1043.95593262 604.46710205
1099.32043457 607.39019775
1156.04089355 607.60308838
1210.66845703 610.63421631
1267.46228027 612.47949219
1326.47595215 612.31072998
1380.81701660 614.76428223
1437.52429199 617.73315430
1493.70617676 618.67718506
1553.79370117 621.33337402
1607.45812988 623.68322754
1665.48840332 625.59832764
1722.28649902 629.43817139
1776.57299805 631.77514648
1043.19970703 658.76361084
1097.63464355 661.53833008
1155.48767090 663.92895508
1210.67968750 666.54321289
1265.37646484 667.15472412
1322.04528809 668.67279053
1380.43811035 671.69647217
1435.53344727 673.57702637
1492.43957520 676.46405029
1548.07263184 678.73388672
1605.21228027 680.79663086
1660.52551270 682.56079102
1714.90673828 684.84460449
1772.55346680 686.65386963
1043.19677734 714.67431641
1097.19873047 716.67272949
1152.81604004 717.61267090
1209.52221680 720.85699463
1264.20422363 722.52868652
1322.16772461 725.48052979
1376.92639160 728.40454102
1436.62756348 730.25231934
1489.39013672 733.64154053
1547.30651855 734.40466309
1601.40759277 737.31427002
1658.33129883 738.62811279
1714.02551270 741.36010742
1765.73388672 745.91412354
1041.45654297 771.66784668
1096.88720703 769.90625000
1153.03857422 773.52709961
1207.62487793 776.60418701
1263.60351562 777.80145264
1319.21447754 781.76837158
1375.25720215 784.90417480
1429.97619629 787.58538818
1489.13598633 787.52813721
1540.92382812 790.79077148
1601.03125000 792.66583252
1656.36132812 795.77050781
1709.26342773 798.10778809
1765.55383301 799.80291748
1041.17944336 821.50646973
1095.15356445 825.53662109
1150.14709473 827.61810303
1206.83776855 829.65527344
1261.06359863 833.59173584
1318.31933594 836.51605225
1372.01977539 840.31469727
1429.25500488 841.76800537
1481.88659668 843.74523926
1540.49499512 847.10089111
1593.97448730 848.63665771
1651.06616211 851.57482910
1705.69885254 853.64038086
1761.23425293 853.74884033
1039.59729004 876.30523682
1092.10327148 879.20819092
1149.46533203 881.66339111
1202.55297852 885.36547852
1257.78076172 890.40319824
1313.24877930 891.36120605
1370.52282715 895.10021973
1422.86706543 897.16192627
1481.15283203 899.47540283
1536.12670898 901.64776611
1588.71191406 905.69250488
1645.28942871 905.55084229
1701.29211426 908.25170898
1755.50769043 909.61065674
