1104.88085938 166.45285034
1159.41467285 166.40290833
1213.38110352 166.42291260
1268.34887695 167.39247131
1323.81103516 168.30265808
1378.43188477 169.66569519
1433.89111328 171.67352295
1486.88208008 173.16503906
1541.43457031 174.26670837
1597.15539551 177.19874573
1650.63439941 177.78506470
1706.80114746 181.88168335
1759.60131836 183.62240601
1812.54296875 188.16792297
1104.98901367 221.44927979
1160.02062988 222.07922363
1214.10290527 221.92124939
1268.10290527 222.62516785
1324.05688477 223.63391113
1378.88720703 225.60038757
1433.18115234 226.48381042
1487.91247559 229.10466003
1542.15112305 230.81846619
1597.89038086 233.34362793
1651.46630859 236.40281677
1705.89929199 237.91542053
1761.21325684 240.68431091
1815.56115723 244.50430298
1104.74975586 274.95205688
1159.13684082 276.20800781
1212.61596680 276.53948975
1267.40502930 278.26889038
1324.11279297 279.67907715
1378.62597656 280.04898071
1433.25488281 282.72296143
1486.89672852 285.14080811
1541.78063965 286.31466675
1597.44274902 288.82797241
1651.21154785 291.92703247
1707.04211426 294.62826538
1759.63818359 297.20773315
1812.49462891 300.65231323
1104.33337402 329.55130005
1159.29418945 330.49246216
1212.60522461 331.49078369
1266.61584473 332.37295532
1322.74890137 334.09677124
1377.76416016 335.40875244
1431.86828613 338.12664795
1487.07507324 340.38418579
1541.39282227 342.42318726
1596.27307129 343.89785767
1650.44323730 347.37716675
1704.83972168 349.89373779
1759.16992188 354.03030396
1812.63769531 354.73303223
1103.16040039 382.58255005
1156.98474121 384.15292358
1210.96716309 383.91424561
1265.31567383 388.18856812
1320.76452637 389.53094482
1376.16271973 390.60836792
1430.41162109 392.44281006
1484.80273438 394.77285767
1539.34655762 396.96206665
1594.51574707 400.26263428
1648.36889648 402.63543701
1702.17102051 405.18917847
1757.43017578 408.88406372
1810.65600586 411.51168823
1101.03723145 436.77157593
1155.32800293 438.14685059
1210.06591797 441.15625000
1264.16247559 440.78439331
1319.30456543 444.59463501
1373.48657227 445.66323853
1428.33032227 449.22647095
1483.14099121 450.31155396
1537.58154297 452.50469971
1592.35620117 455.51168823
1645.48254395 457.64971924
1699.11901855 459.85137939
1753.93908691 463.89349365
1808.03381348 465.60806274
1100.80505371 491.25131226
1154.70153809 493.44107056
1209.64257812 495.60479736
1263.63000488 496.82617188
1317.82531738 498.97964478
1372.64611816 501.45397949
1427.53381348 503.79385376
1481.86047363 506.65441895
1535.56396484 509.21746826
1590.37854004 511.64321899
1645.18859863 514.37750244
1698.84094238 515.72528076
1750.95251465 518.72589111
1804.63708496 523.54534912
1099.87915039 546.38140869
1153.71569824 549.24139404
1207.67126465 551.69543457
1262.38488770 552.16827393
1316.35314941 554.49603271
1371.08776855 556.89636230
1425.76965332 559.76922607
1479.89758301 562.40582275
1533.47241211 564.42651367
1588.67419434 567.65673828
1641.70837402 570.66809082
1695.64270020 572.37921143
1747.86877441 574.97985840
1801.45874023 577.53070068
1097.40893555 600.43859863
1151.44750977 601.70739746
1206.14440918 604.26196289
1259.77221680 606.94512939
1314.83459473 608.48907471
1369.43811035 611.70703125
1422.54223633 614.61926270
1476.27917480 616.88110352
1531.36279297 619.84088135
1584.85546875 622.83300781
1639.33142090 624.64233398
1692.16149902 628.53253174
1744.31579590 629.94104004
1798.59509277 633.86645508
1096.55725098 652.45202637
1149.36572266 655.72003174
1203.19885254 656.75195312
1256.75268555 660.74652100
1312.60583496 663.87951660
1365.72607422 666.44256592
1420.30163574 671.19183350
1474.16125488 671.94781494
1529.11389160 674.57440186
1582.66357422 677.37078857
1635.43847656 680.81396484
1688.98913574 681.78900146
1743.06286621 686.23559570
1795.67199707 687.77728271
