1015.09136963 192.23754883
1074.32885742 197.76361084
1134.20324707 202.70175171
1194.80639648 208.75161743
1255.42846680 214.87155151
1315.42004395 222.01197815
1376.39404297 229.46636963
1436.40905762 237.56596375
1497.09472656 244.54594421
1557.31005859 252.48440552
1617.42810059 260.45132446
1676.77685547 268.37338257
1736.15295410 274.53262329
1796.48535156 283.70184326
1007.59930420 250.40898132
1067.78405762 257.01470947
1127.13256836 262.76110840
1188.43884277 268.68161011
1249.87731934 274.79428101
1309.35888672 280.87463379
1370.73266602 289.49682617
1431.19165039 296.77432251
1491.54321289 305.25195312
1552.44152832 314.17889404
1612.88818359 321.43750000
1671.97021484 329.14999390
1731.81652832 338.06579590
1792.73779297 343.77850342
1000.80755615 310.31048584
1060.32336426 315.85000610
1120.52844238 322.52700806
1181.61547852 328.52554321
1242.52624512 335.86102295
1304.30615234 343.65795898
1363.67041016 350.83959961
1425.10461426 358.45281982
1486.17492676 366.81527710
1547.92932129 375.73355103
1606.95703125 382.67675781
1667.86865234 391.14422607
1727.06896973 398.85092163
1786.36145020 407.16006470
993.07385254 368.95141602
1053.09313965 374.43780518
1113.23327637 383.02319336
1174.09313965 389.66586304
1236.25292969 396.78988647
1297.14343262 403.73339844
1357.36145020 412.28247070
1418.80639648 419.22479248
1481.04687500 427.40371704
1542.36218262 435.83502197
1600.87805176 444.07760620
1661.71069336 453.22137451
1722.19592285 460.65316772
1782.42687988 469.51489258
985.06091309 428.00479126
1044.75207520 435.24340820
1106.14794922 443.08871460
1165.46008301 450.74679565
1226.91015625 456.89501953
1289.68322754 465.25354004
1350.16906738 472.78683472
1412.08056641 480.80548096
1472.18444824 488.48266602
1534.18200684 497.34057617
1594.72082520 505.43847656
1656.01379395 513.64709473
1714.90771484 521.40325928
1775.73754883 531.32116699
977.16503906 487.93511963
1036.90222168 495.94973755
1097.51501465 504.21752930
1158.95715332 511.62072754
1220.70715332 520.18762207
1281.27734375 527.36492920
1342.73889160 535.64117432
1404.08325195 542.43933105
1465.80322266 551.35943604
1527.27746582 559.61285400
1587.50610352 568.19458008
1647.79016113 576.31994629
1708.06384277 583.62451172
1768.15356445 592.07818604
969.15856934 548.87103271
1030.00524902 558.11499023
1090.45971680 565.62365723
1151.34301758 573.62060547
1211.54650879 578.93212891
1274.11096191 588.79364014
1334.54870605 597.86376953
1397.28955078 606.55932617
1457.48620605 613.85888672
1519.23815918 622.74255371
1580.36718750 630.49255371
1641.47888184 638.49572754
1700.68383789 647.40893555
1760.02062988 656.39001465
960.50335693 610.66168213
1021.54821777 621.25457764
1081.34106445 627.98040771
1143.58752441 635.25494385
1204.36791992 643.61077881
1266.70349121 652.65179443
1327.46618652 659.74279785
1389.46154785 669.23693848
1450.61035156 676.71197510
1511.49487305 685.86486816
1572.13867188 694.26159668
1634.15014648 702.35620117
1692.96508789 710.59045410
1751.86474609 718.62445068
951.08496094 670.89526367
1012.12731934 678.83502197
1073.21582031 689.14520264
1134.06091309 696.87982178
1195.77978516 704.52777100
1257.47363281 714.49346924
1319.13708496 723.36468506
1381.07336426 731.31707764
1442.14538574 740.58673096
1502.66430664 747.93499756
1564.57421875 756.57440186
1624.97790527 764.66253662
1683.83227539 771.90399170
1743.47949219 780.07391357
942.86584473 731.84576416
1003.28601074 740.62792969
1064.47094727 750.70159912
1124.92309570 759.85278320
1186.81494141 767.89587402
1248.62170410 776.52026367
1310.40332031 786.49829102
1371.29394531 794.17871094
1433.79345703 802.64074707
1494.44079590 810.81005859
1555.74243164 819.58819580
1615.90576172 826.99078369
1676.33508301 834.89117432
1736.07690430 842.81909180
