1016.48791504 72.14179230
1058.40087891 76.08721924
1100.73388672 80.77373505
1144.03564453 86.22547150
1189.44177246 91.55103302
1234.65466309 98.21553802
1281.02392578 105.16633606
1326.61181641 111.68920898
1374.20043945 118.07520294
1422.41918945 125.68737793
1471.22766113 132.28843689
1519.76672363 139.55126953
1568.58166504 145.57635498
1619.26159668 152.32502747
1004.12280273 113.74978638
1046.72814941 118.94955444
1089.16162109 125.10870361
1134.01586914 130.18797302
1178.91503906 136.07119751
1224.22949219 142.64169312
1270.39135742 149.76821899
1316.41870117 156.60971069
1364.35144043 164.59811401
1412.51550293 172.09405518
1461.37634277 179.35229492
1511.17285156 186.63354492
1560.99291992 194.23991394
1610.26721191 200.87149048
991.94830322 155.75094604
1034.75134277 162.67793274
1077.99853516 168.26385498
1121.99560547 175.27043152
1167.49169922 180.62818909
1213.15258789 189.09109497
1259.37353516 195.61236572
1305.71569824 203.30238342
1353.78686523 210.98974609
1402.95019531 219.43368530
1451.60510254 226.57215881
1501.60913086 235.65771484
1551.40588379 243.18690491
1601.52563477 251.24908447
980.73437500 198.98707581
1023.66009521 205.49191284
1066.60949707 212.38255310
1110.69470215 219.58078003
1156.00280762 226.55166626
1202.35363770 233.53532410
1248.56774902 241.66120911
1295.86218262 250.01177979
1343.54504395 257.60556030
1392.71484375 265.67355347
1442.04174805 275.11071777
1491.93408203 284.24954224
1541.74645996 292.93240356
1592.19653320 300.69186401
967.31713867 241.54888916
1010.54388428 248.86515808
1054.35473633 256.36544800
1098.57189941 264.05752563
1143.67968750 272.08105469
1189.83166504 279.46041870
1236.38671875 288.43145752
1284.11010742 296.62789917
1331.60046387 305.41909790
1381.38806152 314.43106079
1430.85974121 323.50241089
1481.24731445 333.53985596
1531.93005371 342.86120605
1582.75622559 351.90994263
953.99658203 285.64605713
997.26818848 294.01855469
1040.75659180 301.98785400
1085.78540039 310.14321899
1130.85913086 318.64331055
1176.70642090 326.58975220
1224.47436523 336.09057617
1271.67822266 344.60888672
1319.99682617 354.40338135
1369.58935547 363.80316162
1419.39599609 373.67059326
1469.68615723 383.55902100
1521.63488770 393.52230835
1572.73510742 404.14947510
940.89428711 330.50070190
984.30303955 339.31524658
1028.47106934 347.66308594
1073.55700684 355.96127319
1118.44030762 364.65060425
1164.91638184 375.03533936
1211.20361328 383.65457153
1260.06579590 393.74749756
1307.95166016 403.24194336
1358.46447754 413.69247437
1408.79992676 424.52731323
1459.31677246 435.52914429
1510.73950195 445.34933472
1561.80407715 456.53390503
927.35766602 376.43582153
970.52142334 384.57189941
1015.33404541 393.66580200
1059.55090332 402.95361328
1105.79406738 412.68325806
1151.68017578 422.84643555
1199.19799805 432.71044922
1246.93591309 443.31652832
1295.43127441 453.67852783
1345.63073730 464.02648926
1396.64819336 475.48568726
1447.75305176 486.74240112
1498.84460449 497.81576538
1550.40087891 508.93988037
913.29333496 421.54501343
956.52740479 430.96090698
1000.54010010 439.91632080
1044.88867188 450.24520874
1091.29968262 459.31777954
1137.52880859 470.13320923
1185.33544922 480.85635376
1233.55175781 492.13876343
1281.82348633 502.57699585
1332.53210449 514.77764893
1383.18359375 526.27569580
1435.00878906 538.84332275
1485.95483398 549.81518555
1538.75256348 562.31689453
899.61743164 467.67922974
941.99438477 476.68551636
985.95263672 486.69030762
1029.91894531 495.69937134
1076.54907227 508.06402588
1122.83618164 518.17376709
1171.11840820 530.25366211
1218.97888184 541.65142822
1268.54541016 553.51824951
1318.22338867 564.88720703
1369.67578125 578.07989502
1421.27990723 590.20599365
1473.91369629 602.97058105
1526.01208496 614.91137695
